0,354
0,334
54,2
0,297
0,352
0,326
0,406
0,224
0,223
0,340
0,222
0,221
0,405
0,220
0,489
0,217
0,215
0,475
0,213
0,498
0,212
0,505
0,210
0,339
0,205
0,495
0,204
0,203
0,201
0,510
0,507
0,324
54,5
54,3
54,4
27,4
0,332
107,4
106,8
26,5
31,4
33,127
33,126
33,125
33,124
33,123
33,122
33,121
33,120
33,119
33,118
33,117
33,116
33,115
33,114
33,113
33,112
33,111
33,110
33,109
33,108
33,107
33,106
33,105
33,104
33,103
33,102
33,101
33,100
33,94
116,36
26,1
107,3
107,1
33,4
0,468
0,329
33,1
0,325
35,7
0,437
35,3
24,3
24,4
33,99
33,98
33,97
33,96
0,464
0,463
33,95
14,16
109,9
109,8
109,7
107,5
112,7
112,6
112,4
45,10
45,8
45,7
45,6
49,3
49,5
49,4
42,4
42,1
14,14
0,418
0,364
0,288
0,363
0,466
0,362
0,361
0,294
0,290
0,420
0,309
0,323
0,284
104,1
104,9
104,0
0,314
0,471
30,4
0,431
35,5
35,10
35,8
35,9
91,3
94,3
104,6
0,446
116,35
85,3
0,445
33,84
33,83
33,75
33,74
33,72
33,73
0,357
0,460
0,440
0,410
0,355
33,67
33,66
33,65
33,64
0,351
0,279
100,3
100,2
100,1
100,0
14,11
0,2
0,278
0,501
0,9
80,4
80,3
80,2
80,1
80,0
